3.721256547351003974e-08
-1.858880409599805716e-06
8.344004527316428721e-06
-3.278242047599633224e-06
0.000000000000000000e+00
0.000000000000000000e+00
-5.740483175031840801e-06
0.000000000000000000e+00
5.162682100490201265e-06
5.551619253196804493e-08
-1.731286488393379841e-06
2.085839923893217929e-06
9.528829557408756082e-44
0.000000000000000000e+00
-1.105772184928355273e-07
-1.313992588781315307e-13
0.000000000000000000e+00
-3.402528384505209072e-15
1.471085511184355710e-07
7.705557719672739836e-11
-3.818937273081246531e-07
-1.401344889018218964e-07
-2.431702964981844278e-18
-3.326807131998066325e-07
5.625623317539823164e-16
-5.099607958136687103e-10
-1.283121605410997290e-06
1.145538476521323901e-06
-4.642217277250892948e-09
0.000000000000000000e+00
0.000000000000000000e+00
3.479605492628934371e-10
7.265769319531045767e-09
0.000000000000000000e+00
0.000000000000000000e+00
-5.963513230529036112e-16
0.000000000000000000e+00
0.000000000000000000e+00
0.000000000000000000e+00
1.111741324304874214e-37
-4.945503064845979679e-07
1.938639949527337647e-13
7.804636084074445534e-07
0.000000000000000000e+00
0.000000000000000000e+00
0.000000000000000000e+00
0.000000000000000000e+00
0.000000000000000000e+00
0.000000000000000000e+00
0.000000000000000000e+00
1.868323216514992104e-39
-7.449876875398331322e-07
0.000000000000000000e+00
6.447442046919604763e-08
5.969119598603356280e-08
6.952000752846743126e-09
-1.165262067484883402e-17
0.000000000000000000e+00
0.000000000000000000e+00
3.183241864546104694e-12
3.697382856315256368e-17
0.000000000000000000e+00
4.098085328659191451e-14
5.629822645042028959e-33
-1.249844217454665340e-06
8.335193706443533301e-05
-7.904912345111370087e-04
7.684316951781511307e-04
-5.302661975292721763e-06
